# Blender v2.80 (sub 75) OBJ File: 'untitled3.blend'
# www.blender.org
mtllib cupboard.7.mtl
o Cube.000
v 9.014775 0.426886 -9.576787
v 9.014775 7.601760 -9.576787
v 9.802256 0.426886 -11.682140
v 9.802256 7.601760 -11.682140
v 11.531720 0.426886 -8.635356
v 11.531720 7.601760 -8.635356
v 12.319201 0.426886 -10.740710
v 12.319201 7.601760 -10.740710
v 9.014775 5.282466 -9.576787
v 9.802256 5.282466 -11.682140
v 12.319201 5.282466 -10.740710
v 11.531720 5.282466 -8.635356
v 11.436669 5.383949 -8.670909
v 11.436669 7.500277 -8.670909
v 9.109827 7.500277 -9.541234
v 9.109827 5.383949 -9.541234
v 11.840981 7.500277 -9.751853
v 11.840981 5.383949 -9.751853
v 9.514138 5.383949 -10.622178
v 9.514138 7.500277 -10.622178
v 9.143395 5.420037 -9.626493
v 9.162176 5.637523 -9.676805
v 9.149497 5.415730 -9.642838
v 9.168277 5.633215 -9.693149
v 11.469156 5.420037 -8.758345
v 11.487937 5.637524 -8.808656
v 11.475258 5.415730 -8.774689
v 11.494038 5.633215 -8.825000
vt 0.035968 0.326188
vt 0.025239 0.056310
vt 0.172880 0.174767
vt 0.167014 0.203222
vt 0.205009 0.180518
vt 0.198370 0.205946
vt 0.325198 0.055552
vt 0.324060 0.334021
vt 0.893383 0.417067
vt 0.733268 0.417067
vt 0.733268 0.329752
vt 0.893383 0.329752
vt 0.177850 0.217379
vt 0.186843 0.218897
vt 0.186822 0.225584
vt 0.177373 0.225514
vt 0.340544 0.039569
vt 0.340544 0.348819
vt 0.011452 0.043013
vt 0.022746 0.338247
vt 0.733268 0.141799
vt 0.893383 0.141799
vt 0.645953 0.329752
vt 0.645953 0.141798
vt 0.980698 0.141798
vt 0.980698 0.329752
vt 0.733268 0.054484
vt 0.893383 0.054484
vt 0.375000 0.000000
vt 0.625000 0.000000
vt 0.625000 0.250000
vt 0.375000 0.250000
vt 0.625000 0.500000
vt 0.375000 0.500000
vt 0.625000 0.750000
vt 0.375000 0.750000
vt 0.625000 1.000000
vt 0.375000 1.000000
vt 0.125000 0.500000
vt 0.125000 0.750000
vt 0.875000 0.500000
vt 0.875000 0.750000
vn -0.9366 0.0000 -0.3503
vn 0.3503 0.0000 -0.9366
vn 0.9366 0.0000 0.3503
vn 0.0000 -1.0000 0.0000
vn 0.0000 1.0000 0.0000
vn -0.3503 0.0000 0.9366
vn -0.9369 -0.0000 -0.3497
vn 0.3395 -0.2397 -0.9095
vn 0.9369 0.0000 0.3497
vn -0.3395 0.2397 0.9095
vn -0.0838 -0.9709 0.2246
vn 0.0838 0.9708 -0.2246
usemtl Material.001
s off
f 9/1/1 2/2/1 4/3/1 10/4/1
f 10/4/2 4/3/2 8/5/2 11/6/2
f 11/6/3 8/5/3 6/7/3 12/8/3
f 15/9/3 16/10/3 19/11/3 20/12/3
f 3/13/4 7/14/4 5/15/4 1/16/4
f 8/5/5 4/3/5 2/2/5 6/7/5
f 5/15/6 12/8/6 9/1/6 1/16/6
f 7/14/3 11/6/3 12/8/3 5/15/3
f 3/13/2 10/4/2 11/6/2 7/14/2
f 1/16/1 9/1/1 10/4/1 3/13/1
f 12/8/6 6/7/6 14/17/6 13/18/6
f 6/7/6 2/2/6 15/19/6 14/17/6
f 2/2/6 9/1/6 16/20/6 15/19/6
f 9/1/6 12/8/6 13/18/6 16/20/6
f 18/21/6 17/22/6 20/12/6 19/11/6
f 16/23/5 13/24/5 18/21/5 19/11/5
f 14/25/4 15/26/4 20/12/4 17/22/4
f 13/27/1 14/28/1 17/22/1 18/21/1
usemtl floor.2
f 21/29/7 22/30/7 24/31/7 23/32/7
f 23/32/8 24/31/8 28/33/8 27/34/8
f 27/34/9 28/33/9 26/35/9 25/36/9
f 25/36/10 26/35/10 22/37/10 21/38/10
f 23/39/11 27/34/11 25/36/11 21/40/11
f 28/33/12 24/41/12 22/42/12 26/35/12
